Normal
0.3752828178
-0.2913341929
0.2653385196
0.0216367987
-0.3786919247
-0.1569608872
0.172506156
0.1360989435
0.0509898354
-0.273372973
-0.3928409672
-0.1817271662
-0.1367837019
0.1441081517
-0.0313723958
-0.038030964
-0.3924236278
0.1939453929
0.2844723478
0.0019987021
0.1129660927
0.0232117162
-0.2147165193
-0.1026840187
-0.0700458158
-0.4209088037
-0.4662752493
-0.4185670594
0.053445615
0.013212791
0.3032645628
0.2940575734
0.1043962636
0.1750911723
0.07354484
-0.0142784184
-0.1770992038
0.127292136
-0.3383711692
-0.067583508
0.2018429218
0.1476663335
0.1550404737
0.0409936896
0.300802817
-0.2366558412
0.3624103408
0.0751112657
-0.2714150748
0.2616771374
-0.5656419386
0.628758714
-0.4219414608
-0.156931835
-0.3239413718
-0.1324153952
-0.0386421023
0.0406928011
-0.0371372971
0.0365205375
0.1330861455
0.2072717177
-0.1158887547
-0.0516320945
0.1405159029
0.2420360418
0.4897071423
0.3887500142
0.0219387852
-0.0238422954
-0.0200029513
-0.1453605623
-0.4117391748
-0.1640213085
0.4551759785
-0.1557063271
-0.169867286
-0.1225329127
-0.0009171406
0.120452106
-0.0255830488
-0.290235415
0.0227812174
-0.2454918715
0.3508918756
0.6512058846
0.297490764
-0.0859313016
0.138434056
0.1059519622
-0.1744582688
-0.2511988868
0.079712955
0.0579804391
-0.2586798697
0.2903026488
-0.3235814941
0.5424608178
0.1255678697
-0.3619317393